MEMORY
  total            13.2 MB
  struct          159.0 KB
  buffer           31.8 KB
  arena            13.0 MB, used 0.0%

SIZES
  narena                13631488
  nbuffer               32544
  nplugin               0
  maxuse_stack          1296
  maxuse_arena          1296
  maxuse_con            0
  maxuse_efc            0
  solver_nisland        0
  ncon                  0
  ne                    0
  nf                    0
  nl                    0
  nefc                  0
  nJ                    0
  nA                    0
  nisland               0
  threadpool            0

TIMER
    0:  duration =  62         number = 2
    1:  duration =  62         number = 8
    2:  duration =  0          number = 0
    3:  duration =  0.048      number = 8
    4:  duration =  0.011      number = 8
    5:  duration =  0.0088     number = 8
    6:  duration =  0.0007     number = 8
    7:  duration =  0          number = 0
    8:  duration =  0.018      number = 8
    9:  duration =  0.0021     number = 8
    10:  duration =  0.018      number = 8
    11:  duration =  0.0071     number = 8
    12:  duration =  0.0007     number = 8
    13:  duration =  0.0088     number = 8
    14:  duration =  0.0047     number = 8

ENERGY =   0         0       

TIME =  0.52    

QPOS
   0.02    
   0.00031 
   1.2     
   1       
   0.0037  
   0.023   
  -0.0072  

QVEL
   0.15    
  -0.008   
   4.5     
   0.044   
   0.14    
  -0.039   

QACC_WARMSTART
   0.82    
  -0.13    
   7.8     
   0.003   
  -0.0011  
   1.7e-05 

CTRL
   1       
   1       
   1       
   1       

QFRC_APPLIED
   0       
   0       
   0       
   0       
   0       
   0       

XFRC_APPLIED
   0         0         0         0         0         0       
   0         0         0         0         0         0       

QACC
   0.82    
  -0.13    
   7.8     
   0.003   
  -0.0011  
   1.7e-05 

SENSOR
   0.044   
   0.14    
  -0.039   
   0.00013 
  -3.2e-05 
   18      
   1       
   0.0036  
   0.023   
  -0.0072  

XPOS
   0         0         0       
   0.02      0.00031   1.2     

XQUAT
   1         0         0         0       
   1         0.0037    0.023    -0.0072  

XMAT
   1         0         0         0         1         0         0         0         1       
   1         0.015     0.046    -0.014     1        -0.0076   -0.046     0.007     1       

XIPOS
   0         0         0       
   0.02      0.00031   1.2     

XIMAT
   1         0         0         0         1         0         0         0         1       
   1         0.015     0.046    -0.014     1        -0.0076   -0.046     0.007     1       

XANCHOR
   0.02      0.00031   1.2     

XAXIS
   0         0         1       

GEOM_XPOS
   0         0         0       
   0.02     -0.00074   1.3     
   0.021     0.00023   1.3     
   0.021     0.00024   1.2     
   0.02      0.00026   1.2     
   0.02     -0.0004    1.2     
   0.02     -0.00026   1.2     
   0.019    -0.00079   1.2     
   0.052    -0.034     1.2     
   0.054     0.031     1.3     
   0.053     0.033     1.2     
  -0.011     0.033     1.2     
  -0.013    -0.033     1.2     
   0.01      0.00097   1.3     
  -0.012     0.033     1.3     
   0.011     0.00026   1.2     
  -0.016     0.034     1.2     
   0.017    -0.00013   1.2     
  -0.014    -0.032     1.3     
   0.0049    0.00074   1.2     
   0.019     0.00049   1.3     
   0.041    -0.022     1.2     
   0.043     0.022     1.2     
   0.026    -0.012     1.2     
  -0.0029   -0.022     1.2     
   0.034    -0.00018   1.2     
  -0.003    -0.043     1.3     
  -0.025     0.026     1.3     
   0.03      0.00014   1.2     
   0.042    -0.044     1.3     
  -0.018    -0.033     1.2     
   0.06     -0.026     1.3     
   0.00085   0.04      1.3     
  -0.0021    0.022     1.2     
   0.051    -0.034     1.2     
  -0.023    -0.022     1.3     
   0.026     0.013     1.2     
   0.033     4.7e-05   1.3     
  -0.014     0.032     1.2     
   0.023     0.00069   1.2     

GEOM_XMAT
   1         0         0         0         1         0         0         0         1       
   0.047     0.029     1        -0.0077   -1         0.029     1        -0.009    -0.046   
   0.046    -0.015     1        -0.0076   -1        -0.014     1        -0.007    -0.046   
   0.015     0.046     1         1        -0.0076   -0.014     0.007     1        -0.046   
   0.046    -1        -0.015    -0.0076    0.014    -1         1         0.046    -0.007   
   0.046    -0.011     1        -0.0076   -1        -0.01      1        -0.0071   -0.046   
   0.037    -0.017     1        -0.0043   -1        -0.017     1        -0.0036   -0.037   
   0.045    -0.72      0.7      -0.0086   -0.7      -0.72      1         0.027    -0.038   
   0.61     -0.79     -0.12      0.79      0.59      0.15     -0.05     -0.19      0.98    
   0.041    -0.6       0.8      -0.017    -0.8      -0.6       1         0.011    -0.043   
  -0.54     -0.84     -0.061     0.84     -0.54     -0.11      0.061    -0.11      0.99    
   0.95     -0.29      0.14      0.32      0.89     -0.32     -0.037     0.35      0.94    
   0.79      0.6       0.11     -0.61      0.78      0.15      0.0052   -0.19      0.98    
   0.99      0.1      -0.019    -0.02      0.012    -1        -0.1       0.99      0.014   
  -0.59      0.023     0.81      0.81      0.013     0.59      0.0025    1        -0.026   
   0.95      0.32     -0.015    -0.012    -0.012    -1        -0.32      0.95     -0.0076  
   0.93      0.36      0.085    -0.36      0.93     -0.041    -0.094     0.0079    1       
   1         0.047    -0.013    -0.014     0.0076   -1        -0.047     1         0.0082  
   0.66      0.08      0.75      0.75     -0.083    -0.65      0.0095    0.99     -0.11    
  -0.21     -0.98      0.0055    9.3e-05  -0.0056   -1         0.98     -0.21      0.0013  
   0.026    -1         0.013    -0.015    -0.013    -1         1         0.026    -0.016   
   0.69      0.26      0.68      0.66      0.17     -0.73     -0.3       0.95     -0.054   
  -0.69      0.01      0.72      0.72      0.066     0.69     -0.041     1        -0.053   
   0.022     0.26      0.97      0.93      0.34     -0.11     -0.35      0.91     -0.23    
  -0.5       0.47      0.73      0.53     -0.5       0.68      0.69      0.72      0.0021  
  -0.35     -0.94     -0.023     0.004     0.023    -1         0.94     -0.35     -0.0043  
  -0.2      -0.67      0.72     -0.25     -0.67     -0.7       0.95     -0.32     -0.035   
  -0.092     0.46      0.88      0.26     -0.85      0.47      0.96      0.27     -0.041   
   1         0.098    -0.0072   -0.019     0.12     -0.99     -0.096     0.99      0.12    
  -0.19      0.66      0.72      0.22     -0.69      0.69      0.95      0.3      -0.016   
   0.12     -0.99      0.062     0.99      0.12     -0.022     0.014     0.064     1       
   0.21      0.65      0.73     -0.22     -0.69      0.68      0.95     -0.31     -0.0049  
   0.19      0.51      0.84     -0.3      -0.78      0.54      0.94     -0.35      0.0087  
   0.72      0.018     0.7       0.7       0.011    -0.72     -0.02      1        -0.0042  
  -0.56      0.12      0.82      0.82     -0.0057    0.57      0.07      0.99     -0.092   
   0.28     -0.63      0.72      0.2      -0.7      -0.69      0.94      0.34     -0.072   
   0.0065    0.12      0.99      0.99     -0.1       0.0061    0.1       0.99     -0.12    
   0.046    -1        -0.015    -0.0076    0.014    -1         1         0.046    -0.007   
  -0.02     -0.11      0.99      0.077    -0.99     -0.11      1         0.075     0.028   
   1         0.046    -0.015    -0.014    -0.0076   -1        -0.046     1        -0.007   

SITE_XPOS
   0.02      0.00031   1.2     
   0.02      0.00031   1.2     
   0.054     0.032     1.3     
   0.053    -0.033     1.3     
  -0.012    -0.032     1.3     
  -0.011     0.033     1.3     

SITE_XMAT
   1         0.015     0.046    -0.014     1        -0.0076   -0.046     0.007     1       
   1         0.015     0.046    -0.014     1        -0.0076   -0.046     0.007     1       
   1         0.015     0.046    -0.014     1        -0.0076   -0.046     0.007     1       
   1         0.015     0.046    -0.014     1        -0.0076   -0.046     0.007     1       
   1         0.015     0.046    -0.014     1        -0.0076   -0.046     0.007     1       
   1         0.015     0.046    -0.014     1        -0.0076   -0.046     0.007     1       

CAM_XPOS
   0.56     -0.69      0.74    
  -0.98      0.00031   1.7     

CAM_XMAT
   0.87     -0.26      0.41      0.49      0.46     -0.74     -5.6e-17   0.85      0.53    
   0         0.45     -0.89     -1         0         0         0         0.89      0.45    

LIGHT_XPOS
   0         0         1.5     

LIGHT_XDIR
   0         0        -1       

SUBTREE_COM
   0.02      0.00031   1.2     
   0.02      0.00031   1.2     

CDOF
   0         0         0         1         0         0       
   0         0         0         0         1         0       
   0         0         0         0         0         1       
   1        -0.014    -0.046     0        -0         0       
   0.015     1         0.007     0         0         0       
   0.046    -0.0076    1        -0         0         0       

CINERT
   0         0         0         0         0         0         0         0         0         0       
   1.4e-05   1.4e-05   2.2e-05  -2.8e-09   3.6e-07  -5.9e-08   0         0         0         0.033   

ACTUATOR_LENGTH
   0       
   0       
   0       
   0       

actuator_moment
--------
 xxxxxx |
 xxxxxx |
 xxxxxx |
 xxxxxx |
--------

ACTUATOR_MOMENT
     0:  0.0073     1: -0.0012     2:  0.16       3:  0.0051     4: -0.0051     5: -0.0038  
     0:  0.0073     1: -0.0012     2:  0.16       3: -0.0051     4: -0.0051     5:  0.0038  
     0:  0.0073     1: -0.0012     2:  0.16       3: -0.0051     4:  0.0051     5: -0.0038  
     0:  0.0073     1: -0.0012     2:  0.16       3:  0.0051     4:  0.0051     5:  0.0038  

CRB
   0         0         0         0         0         0         0         0         0         0       
   1.4e-05   1.4e-05   2.2e-05  -2.8e-09   3.6e-07  -5.9e-08   0         0         0         0.033   

QM
   0.033     0         0         0         0         0       
   0         0.033     0         0         0         0       
   0         0         0.033     0         0         0       
   0         0         0         1.4e-05   0         0       
   0         0         0         0         1.4e-05   0       
   0         0         0         0         0         2.2e-05 

QLD
   0.033     0         0         0         0         0       
   0         0.033     0         0         0         0       
   0         0         0.033     0         0         0       
   0         0         0         1.4e-05   0         0       
   0         0         0         0         1.4e-05   0       
   0         0         0         0         0         2.2e-05 

QLDIAGINV
   30      
   30      
   30      
   7.2e+04 
   7.2e+04 
   4.6e+04 

B: body-dof matrix
--------
 xxxxxx |
 xxxxxx |
--------

B_rownnz              6 6

B_rowadr              0 6

B_colind              0 1 2 3 4 5 0 1 2 3 4 5

C: reduced dof-dof matrix
--------
 x      |
  x     |
   x    |
    x   |
     x  |
      x |
--------

C_rownnz              1 1 1 1 1 1

C_rowadr              0 1 2 3 4 5

C_colind              0 1 2 3 4 5

mapM2C                0 1 3 6 10 15

D: dof-dof matrix
--------
 Dxxxxx |
 xDxxxx |
 xxDxxx |
 xxxDxx |
 xxxxDx |
 xxxxxD |
--------

D_rownnz              6 6 6 6 6 6

D_rowadr              0 6 12 18 24 30

D_colind              0 1 2 3 4 5 0 1 2 3 4 5 0 1 2 3 4 5 0 1 2 3 4 5 0 1 2 3 4 5 0 1 2 3 4 5

mapM2D                0 2 5 9 14 20 2 1 4 8 13 19 5 4 3 7 12 18 9 8 7 6 11 17 14 13 12 11 10 16 20 19 18 17 16 15

mapD2M                0 7 6 14 13 12 21 20 19 18 28 27 26 25 24 35 34 33 32 31 30

QDERIV
   0         0         0         0         0         0       
   0         0         0         0         0         0       
   0         0         0         0         0         0       
   0         0         0         0         0         0       
   0         0         0         0         0         0       
   0         0         0         0         0         0       

QLU
   0         0         0         0         0         0       
   0         0         0         0         0         0       
   0         0         0         0         0         0       
   0         0         0         0         0         0       
   0         0         0         0         0         0       
   0         0         0         0         0         0       

CONTACT
ACTUATOR_VELOCITY
   0.71    
   0.71    
   0.71    
   0.71    

CVEL
   0         0         0         0         0         0       
   0.044     0.14     -0.04      0.15     -0.008     4.5     

CDOF_DOT
   0         0         0         0         0         0       
   0         0         0         0         0         0       
   0         0         0         0         0         0       
   0         0        -0         0.064     4.5       0.0058  
   0         0         0        -4.5       0.064     0.15    
   0         0        -0         0.026     0.054    -0.00081 

QFRC_BIAS
   0       
   8.7e-19 
   0.32    
  -4.2e-08 
   1.3e-08 
  -3.1e-23 

QFRC_SPRING
   0       
   0       
   0       
   0       
   0       
   0       

QFRC_DAMPER
   0       
   0       
   0       
   0       
   0       
   0       

QFRC_GRAVCOMP
   0       
   0       
   0       
   0       
   0       
   0       

QFRC_FLUID
  -0.0023  
   0.00037 
  -0.049   
  -4.1e-10 
  -1.6e-09 
   3.6e-10 

QFRC_PASSIVE
  -0.0023  
   0.00037 
  -0.049   
  -4.1e-10 
  -1.6e-09 
   3.6e-10 

SUBTREE_LINVEL
   0         0         0       
   0         0         0       

SUBTREE_ANGMOM
   0         0         0       
   0         0         0       

ACTUATOR_FORCE
   1       
   1       
   1       
   1       

QFRC_ACTUATOR
   0.029   
  -0.0048  
   0.63    
   1.7e-18 
  -8.7e-19 
   0       

QFRC_SMOOTH
   0.027   
  -0.0044  
   0.26    
   4.1e-08 
  -1.5e-08 
   3.6e-10 

QACC_SMOOTH
   0.82    
  -0.13    
   7.8     
   0.003   
  -0.0011  
   1.7e-05 

QFRC_CONSTRAINT
   0       
   0       
   0       
   0       
   0       
   0       

QFRC_INVERSE
   0       
   0       
   0       
   0       
   0       
   0       

CACC
   0         0         0        -0        -0         9.8     
   0.0029   -0.0011   -0.00013   0.2       0.069     18      

CFRC_INT
  -4.1e-10  -1.5e-09   3.7e-10   0.027    -0.0044    0.58    
  -4.1e-10  -1.5e-09   3.7e-10   0.027    -0.0044    0.58    

CFRC_EXT
   0         0         0         0         0         0       
   0         0         0         0         0         0       

